0 1502047695,886843920 1 1502047695,886843920 2 1502047695,886843920 
1 1502047695.886843920 2 1502047695.886843920 
0 1502047695.887068987 1 1502047695.887068987 2 1502047695.887068987 
0 1502047695.887021065 1 1502047695.887068987 2 1502047695.887068987 
1 1502047695.887068987 2 1502047695.887068987 
1 1502047695.887021065 2 1502047695.887068987 
0 1502047696.538361073 1 1502047696.538361073 2 1502047696.538361073 
1 1502047696.538361073 2 1502047696.538361073 
0 1502047696.538579941 1 1502047696.538579941 2 1502047696.538579941 
1 1502047696.538579941 2 1502047696.538579941 
0 1502047700.483474016 1 1502047700.483474016 2 1502047700.483474016 
1 1502047700.483474016 2 1502047700.483474016 
0 1502047700.485229015 1 1502047700.485229015 2 1502047700.485229015 
0 1502047700.485132933 1 1502047700.485229015 2 1502047700.485229015 
1 1502047700.485229015 2 1502047700.485229015 
1 1502047700.485132933 2 1502047700.485229015 
