1 1529593435.479976990 0 1529593435.479977571 
0 1529593467.439231541 1 1529593467.439960734 
1 1529593507.961283981 0 1529593507.961899707 
1 1529593556.254077101 0 1529593556.254525783 
0 1529593692.455285571 1 1529593692.455664776 
0 1529593776.951801216 1 1529593776.952575644 
0 1529593802.071821738 1 1529593802.071973434 
0 1529593821.132319528 1 1529593821.132904472 
1 1529593846.799174668 0 1529593846.799201157 
0 1529593966.890158874 1 1529593966.890595047 
0 1529594109.063100917 1 1529594109.063235229 
0 1529594150.425331163 1 1529594150.425652965 
1 1529594162.685900058 0 1529594162.686801675 
1 1529594206.142106480 0 1529594206.142809517 
0 1529594213.241695608 1 1529594213.242383348 
0 1529594346.593458297 1 1529594346.593576620 
1 1529594360.009357746 0 1529594360.009614771 
1 1529594650.223219660 0 1529594650.224125433 
0 1529594704.435246127 1 1529594704.435910842 
1 1529594722.910926855 0 1529594722.911551350 
0 1529594843.225016801 1 1529594843.225599255 
1 1529594860.734715143 0 1529594860.735307081 
0 1529594875.143872653 1 1529594875.144064474 
1 1529594951.116092394 0 1529594951.117050279 
1 1529594984.132842286 0 1529594984.133771592 
0 1529595293.495776193 1 1529595293.496069879 
1 1529595328.145294596 0 1529595328.145466509 
1 1529595544.471183422 0 1529595544.471639829 
0 1529595558.279282863 1 1529595558.279619450 
0 1529595565.041943967 1 1529595565.042751623 
1 1529595581.885855809 0 1529595581.886853308 
1 1529595677.731935575 0 1529595677.732752957 
0 1529595817.141447484 1 1529595817.142444776 
0 1529596014.859514050 1 1529596014.859684942 
1 1529596066.913518128 0 1529596066.913636173 
0 1529596089.469899930 1 1529596089.470006965 
1 1529596110.508180356 0 1529596110.509147294 
0 1529596132.991445939 1 1529596132.991894038 
1 1529596358.105944011 0 1529596358.106467200 
0 1529596383.962772080 1 1529596383.963162587 
0 1529596448.380231495 1 1529596448.381042911 
1 1529596517.801759210 0 1529596517.802577642 
0 1529596629.336628993 1 1529596629.336630070 
1 1529596727.105090789 0 1529596727.105200387 
0 1529596810.889208802 1 1529596810.889787599 
1 1529596866.857139845 0 1529596866.857339360 
0 1529596923.515612593 1 1529596923.515823265 
1 1529597050.965998261 0 1529597050.966027219 
0 1529597165.748819465 1 1529597165.749282741 
1 1529597384.394521306 0 1529597384.395129260 
1 1529597510.224834206 0 1529597510.225031241 
0 1529597698.851968223 1 1529597698.852047626 
1 1529598143.726584750 0 1529598143.726712533 
1 1529598216.763353802 0 1529598216.763877823 
0 1529598284.006361826 1 1529598284.007244831 
1 1529598445.084869107 0 1529598445.085194804 
0 1529598530.257342785 1 1529598530.258304972 
0 1529598532.296896544 1 1529598532.296900749 
0 1529598714.393178574 1 1529598714.393186610 
0 1529598793.347037478 1 1529598793.347193644 
0 1529598911.970171623 1 1529598911.970192614 
1 1529599277.092552748 0 1529599277.092692598 
0 1529599366.553515427 1 1529599366.554160420 
1 1529599619.878703713 0 1529599619.879059143 
1 1529599619.910381176 0 1529599619.911105369 
1 1529599841.614800787 0 1529599841.615561615 
0 1529599898.259914032 1 1529599898.260878367 
0 1529600000.246996017 1 1529600000.247354106 
1 1529600175.972429761 0 1529600175.972788206 
1 1529600366.889635328 0 1529600366.890129491 
0 1529600835.633163810 1 1529600835.634119936 
0 1529600967.245772079 1 1529600967.246418858 
1 1529601288.715439839 0 1529601288.716318325 
0 1529601293.905828345 1 1529601293.906063249 
1 1529601423.745870783 0 1529601423.745981268 
0 1529601448.487201692 1 1529601448.488007533 
1 1529601465.294783863 0 1529601465.295394880 
1 1529601497.843049868 0 1529601497.843642082 
0 1529602342.345268996 1 1529602342.345857128 
1 1529602366.657519513 0 1529602366.657836137 
1 1529602803.218976995 0 1529602803.219754539 
0 1529603248.241604870 1 1529603248.241891659 
0 1529603542.315080736 1 1529603542.315198993 
1 1529604170.125064228 0 1529604170.125704231 
0 1529604563.495303619 1 1529604563.496238046 
1 1529605038.937248658 0 1529605038.937670308 
1 1529605889.245779853 0 1529605889.246399824 
0 1529606126.854930212 1 1529606126.855258298 
1 1529606456.920304864 0 1529606456.920372166 
0 1529606484.477414624 1 1529606484.477713754 
0 1529606807.167559707 1 1529606807.167724418 
0 1529607408.847925917 1 1529607408.848536895 
0 1529609747.935615506 1 1529609747.936360197 
0 1529611503.597864832 1 1529611503.597864868 
1 1529611719.913421650 0 1529611719.914302123 
0 1529612060.436768360 1 1529612060.436865166 
0 1529616329.674371376 1 1529616329.675319782 
0 1529620460.924071100 1 1529620460.924970138 
0 1529622467.854910429 1 1529622467.855440292 
1 1529623311.266854179 0 1529623311.266854441 
1 1529623504.351899536 0 1529623504.352163029 
0 1529623920.564047199 1 1529623920.564603202 
1 1529624590.376871747 0 1529624590.377280014 
1 1529627359.006379689 0 1529627359.007184012 
1 1529628273.904488130 0 1529628273.904622985 
0 1529628675.713263423 1 1529628675.713543391 
1 1529629878.666677297 0 1529629878.667493612 
1 1529631050.545146599 0 1529631050.546063383 
0 1529633421.784824145 1 1529633421.784979111 
0 1529635029.473327891 1 1529635029.473650285 
1 1529635157.959592601 0 1529635157.960136604 
1 1529637032.531084777 0 1529637032.531583463 
0 1529640115.753179949 1 1529640115.753519888 
1 1529642723.705091318 0 1529642723.705091449 
0 1529647086.195230240 1 1529647086.195230422 
1 1529647515.460172658 0 1529647515.460677446 
1 1529649831.005677865 0 1529649831.005789139 
1 1529650708.683009016 0 1529650708.683328144 
0 1529652758.898605007 1 1529652758.898723642 
0 1529653147.349909267 1 1529653147.350092709 
1 1529653220.397620403 0 1529653220.398257963 
1 1529653232.671787016 0 1529653232.672368253 
0 1529653288.215411934 1 1529653288.215434564 
1 1529653368.543166727 0 1529653368.543315895 
0 1529653448.682050638 1 1529653448.682937343 
0 1529653548.991419951 1 1529653548.991655410 
1 1529653595.434952708 0 1529653595.435138803 
0 1529653610.795973321 1 1529653610.796208494 
0 1529653745.853452895 1 1529653745.853956913 
1 1529653762.691592910 0 1529653762.692120304 
0 1529653831.793375694 1 1529653831.794154406 
1 1529653880.579605444 0 1529653880.579740060 
1 1529653880.660782298 0 1529653880.661049260 
1 1529653987.483833214 0 1529653987.484291392 
0 1529653987.781072215 1 1529653987.782068005 
0 1529654123.891751423 1 1529654123.892564254 
0 1529654162.777352418 1 1529654162.777636374 
0 1529654231.989997279 1 1529654231.990236281 
1 1529654368.238355870 0 1529654368.238528998 
0 1529654376.390229004 1 1529654376.391227860 
1 1529654443.689256006 0 1529654443.690196025 
0 1529654576.891697693 1 1529654576.892281277 
1 1529654578.425366744 0 1529654578.426034911 
1 1529654912.198136131 0 1529654912.198817131 
1 1529655012.869669567 0 1529655012.870641591 
0 1529655030.597197379 1 1529655030.597469122 
0 1529655045.872529389 1 1529655045.872707446 
0 1529655123.383049613 1 1529655123.383213778 
1 1529655343.563692718 0 1529655343.563816074 
1 1529655378.969997098 0 1529655378.970903726 
0 1529655399.275450221 1 1529655399.276317565 
1 1529655576.375470163 0 1529655576.376356502 
1 1529655682.743682854 0 1529655682.744131359 
1 1529655776.247736035 0 1529655776.248698883 
1 1529655790.951862986 0 1529655790.952425836 
0 1529655806.721850747 1 1529655806.722133554 
1 1529656028.604907652 0 1529656028.605184462 
0 1529656297.436182993 1 1529656297.436998380 
0 1529656471.545604295 1 1529656471.546106776 
0 1529656495.602774061 1 1529656495.603216657 
0 1529656605.212658403 1 1529656605.212906024 
1 1529656681.946681422 0 1529656681.946681499 
1 1529656707.400508189 0 1529656707.401392238 
1 1529656842.045917402 0 1529656842.046538947 
1 1529656847.177905270 0 1529656847.178559031 
1 1529657044.099327114 0 1529657044.099481358 
1 1529657048.489796949 0 1529657048.490292670 
0 1529657130.662521170 1 1529657130.662776385 
1 1529657135.279590052 0 1529657135.279590092 
0 1529657160.786153188 1 1529657160.786727023 
0 1529657174.616890082 1 1529657174.617144540 
0 1529657191.484499718 1 1529657191.484499718 
1 1529657325.725161260 0 1529657325.726033375 
1 1529657369.814937170 0 1529657369.815403744 
0 1529657380.603575368 1 1529657380.603671112 
1 1529657407.146214363 0 1529657407.146707254 
1 1529657549.334262774 0 1529657549.334949575 
0 1529657578.560593038 1 1529657578.560661028 
1 1529658002.354013958 0 1529658002.354522220 
1 1529658023.421272289 0 1529658023.421650460 
0 1529658106.348566368 1 1529658106.349454847 
0 1529658296.412915461 1 1529658296.413160253 
0 1529658373.410080144 1 1529658373.410968953 
1 1529658418.993424639 0 1529658418.994184009 
1 1529658448.008737977 0 1529658448.009422612 
0 1529658463.539362910 1 1529658463.539950698 
1 1529658483.455954631 0 1529658483.456335625 
1 1529658489.531774682 0 1529658489.532757149 
1 1529658551.474960920 0 1529658551.475247332 
0 1529658601.308392541 1 1529658601.308620065 
1 1529658710.046195882 0 1529658710.046747886 
1 1529658760.683795453 0 1529658760.684721366 
1 1529658764.166559718 0 1529658764.167551312 
0 1529658777.345203562 1 1529658777.345707594 
0 1529658799.210940848 1 1529658799.211429022 
1 1529658806.635368670 0 1529658806.635920397 
0 1529658869.760819670 1 1529658869.761561820 
0 1529659053.161890867 1 1529659053.162329700 
0 1529659054.891155542 1 1529659054.891713707 
0 1529659127.462097008 1 1529659127.462429465 
1 1529659143.763919278 0 1529659143.764761050 
1 1529659178.178346532 0 1529659178.179290170 
0 1529659181.033346294 1 1529659181.033965567 
1 1529659279.088213671 0 1529659279.088910577 
1 1529659351.711738247 0 1529659351.712233061 
1 1529659383.093881278 0 1529659383.094132639 
0 1529659402.050240685 1 1529659402.050950528 
1 1529659476.351854511 0 1529659476.352457238 
1 1529659569.663601702 0 1529659569.663674445 
0 1529659573.600708663 1 1529659573.601068068 
0 1529659641.248690127 1 1529659641.249016328 
1 1529659647.087898125 0 1529659647.088026368 
0 1529659772.985799865 1 1529659772.986045352 
1 1529660001.551727538 0 1529660001.551872871 
1 1529660012.246681096 0 1529660012.246782681 
1 1529660094.703085881 0 1529660094.703980973 
1 1529660109.025505291 0 1529660109.026370717 
1 1529660127.090048299 0 1529660127.090640140 
1 1529660177.985463850 0 1529660177.985910333 
0 1529660222.991589832 1 1529660222.991812495 
0 1529660513.083656086 1 1529660513.083858373 
0 1529660622.893861561 1 1529660622.894555631 
1 1529660667.859562830 0 1529660667.860225942 
1 1529660776.545541222 0 1529660776.545549576 
0 1529660975.697823842 1 1529660975.698666471 
0 1529661159.139578677 1 1529661159.140386016 
0 1529661161.327778354 1 1529661161.328363150 
0 1529661229.103075250 1 1529661229.103193506 
0 1529661277.157794643 1 1529661277.157957663 
0 1529661363.741451165 1 1529661363.742022915 
0 1529661369.198047316 1 1529661369.198727393 
0 1529661382.143354692 1 1529661382.144255265 
0 1529661454.629242463 1 1529661454.629983969 
0 1529661475.927751531 1 1529661475.927988732 
0 1529661690.118913917 1 1529661690.119417617 
0 1529661807.236009567 1 1529661807.236713037 
0 1529661986.348831352 1 1529661986.349077221 
1 1529662195.952282588 0 1529662195.952711033 
0 1529662235.634239445 1 1529662235.634509443 
0 1529662308.897770274 1 1529662308.897859552 
1 1529662423.620640750 0 1529662423.621253331 
0 1529662436.962237166 1 1529662436.962557891 
0 1529662465.058213030 1 1529662465.059048674 
1 1529662814.379742599 0 1529662814.379747967 
0 1529662872.598274590 1 1529662872.598329855 
1 1529663112.049743997 0 1529663112.050257049 
1 1529663172.627833269 0 1529663172.628759484 
1 1529663209.756408675 0 1529663209.756705455 
1 1529663247.837926228 0 1529663247.838782905 
1 1529663399.715736530 0 1529663399.715774484 
0 1529663514.412712029 1 1529663514.413298466 
1 1529663597.271277914 0 1529663597.271910322 
1 1529663624.467712220 0 1529663624.468171368 
0 1529663693.363026577 1 1529663693.363204907 
1 1529663716.298809304 0 1529663716.298981270 
0 1529663755.384449966 1 1529663755.385162031 
0 1529663757.447091503 1 1529663757.448051899 
0 1529664214.087320191 1 1529664214.088099127 
1 1529664442.007643301 0 1529664442.007866975 
1 1529664456.986603308 0 1529664456.986912487 
1 1529664492.136483158 0 1529664492.136483407 
1 1529664503.659855294 0 1529664503.660108080 
0 1529664605.052918353 1 1529664605.053344791 
1 1529664631.350824731 0 1529664631.351616615 
1 1529664807.553490145 0 1529664807.553746461 
0 1529664893.623307594 1 1529664893.624151083 
0 1529664989.281429732 1 1529664989.282123471 
0 1529665136.248046141 1 1529665136.248694216 
1 1529665245.443184210 0 1529665245.443687730 
0 1529665362.535875584 1 1529665362.536297150 
1 1529665535.202423125 0 1529665535.203362366 
1 1529665595.397930744 0 1529665595.398020498 
0 1529665728.977149589 1 1529665728.977837712 
1 1529665750.666956816 0 1529665750.667779700 
0 1529665776.450148191 1 1529665776.450916598 
1 1529665783.167640098 0 1529665783.167953953 
0 1529665840.885998614 1 1529665840.886598609 
0 1529665922.568652164 1 1529665922.569487297 
0 1529666102.199282223 1 1529666102.200041548 
0 1529666259.971096944 1 1529666259.971149012 
0 1529666286.915140893 1 1529666286.915882435 
1 1529666326.042903240 0 1529666326.043632906 
0 1529666363.859143108 1 1529666363.859975436 
0 1529666367.017149087 1 1529666367.017338052 
0 1529666464.441148399 1 1529666464.441919608 
1 1529666489.493096031 0 1529666489.493381309 
0 1529666527.944110473 1 1529666527.944850229 
1 1529666532.659408462 0 1529666532.659467398 
1 1529666547.031999486 0 1529666547.032607739 
1 1529666577.865443631 0 1529666577.865448480 
0 1529666837.415044551 1 1529666837.415872123 
0 1529666853.044411325 1 1529666853.044940594 
0 1529666897.395130042 1 1529666897.395773879 
0 1529666898.691872765 1 1529666898.692276917 
0 1529666908.473322376 1 1529666908.473469782 
0 1529666926.537729148 1 1529666926.538459046 
0 1529666938.944203106 1 1529666938.944952291 
0 1529666948.845463767 1 1529666948.846219567 
1 1529667024.717275151 0 1529667024.717809826 
0 1529667257.348908293 1 1529667257.349872458 
0 1529667311.585224632 1 1529667311.585539711 
1 1529667362.765301623 0 1529667362.765986848 
1 1529667421.594319197 0 1529667421.594826617 
0 1529667448.927178097 1 1529667448.927406321 
1 1529667468.655777793 0 1529667468.656571882 
1 1529667501.368854868 0 1529667501.369705725 
0 1529667527.576535697 1 1529667527.577387321 
0 1529667536.194638031 1 1529667536.194767417 
1 1529667559.904867818 0 1529667559.904914784 
0 1529667612.145601140 1 1529667612.146325945 
1 1529667815.299296326 0 1529667815.299631142 
1 1529667939.403108866 0 1529667939.403369459 
0 1529668035.745814353 1 1529668035.746810585 
1 1529668118.643144666 0 1529668118.644109551 
1 1529668280.692396320 0 1529668280.693190603 
1 1529668352.370595052 0 1529668352.370697209 
0 1529668563.362371360 1 1529668563.362768275 
0 1529668676.956853404 1 1529668676.957357261 
1 1529668744.568569716 0 1529668744.568627122 
0 1529668947.523698533 1 1529668947.523698624 
1 1529669339.551847620 0 1529669339.552364837 
0 1529669395.281648677 1 1529669395.281848210 
1 1529669575.720020883 0 1529669575.720261577 
1 1529669698.377995035 0 1529669698.378596073 
1 1529669784.979804227 0 1529669784.980111736 
1 1529669823.418861221 0 1529669823.419460601 
1 1529669857.695820101 0 1529669857.696789485 
0 1529669915.694655184 1 1529669915.695076613 
1 1529669967.326871487 0 1529669967.327290321 
1 1529670037.375552988 0 1529670037.375807814 
1 1529670044.113842829 0 1529670044.114456474 
1 1529670099.710554347 0 1529670099.710963920 
1 1529670127.790371912 0 1529670127.790622246 
1 1529670224.042369321 0 1529670224.042531735 
0 1529670232.916205177 1 1529670232.917200996 
