1 1529593435.479976990 0 1529593435.479977571 
1 1529593846.799174668 0 1529593846.799201157 
0 1529596629.336628993 1 1529596629.336630070 
1 1529597050.965998261 0 1529597050.966027219 
0 1529597698.851968223 1 1529597698.852047626 
0 1529598532.296896544 1 1529598532.296900749 
0 1529598714.393178574 1 1529598714.393186610 
0 1529598911.970171623 1 1529598911.970192614 
1 1529606456.920304864 0 1529606456.920372166 
0 1529611503.597864832 1 1529611503.597864868 
0 1529612060.436768360 1 1529612060.436865166 
1 1529623311.266854179 0 1529623311.266854441 
1 1529642723.705091318 0 1529642723.705091449 
0 1529647086.195230240 1 1529647086.195230422 
0 1529653288.215411934 1 1529653288.215434564 
1 1529656681.946681422 0 1529656681.946681499 
1 1529657135.279590052 0 1529657135.279590092 
0 1529657191.484499718 1 1529657191.484499718 
0 1529657380.603575368 1 1529657380.603671112 
0 1529657578.560593038 1 1529657578.560661028 
1 1529659569.663601702 0 1529659569.663674445 
1 1529660776.545541222 0 1529660776.545549576 
0 1529662308.897770274 1 1529662308.897859552 
1 1529662814.379742599 0 1529662814.379747967 
0 1529662872.598274590 1 1529662872.598329855 
1 1529663399.715736530 0 1529663399.715774484 
1 1529664492.136483158 0 1529664492.136483407 
1 1529665595.397930744 0 1529665595.398020498 
0 1529666259.971096944 1 1529666259.971149012 
1 1529666532.659408462 0 1529666532.659467398 
1 1529666577.865443631 0 1529666577.865448480 
1 1529667559.904867818 0 1529667559.904914784 
1 1529668744.568569716 0 1529668744.568627122 
0 1529668947.523698533 1 1529668947.523698624 
