1 1529593435.479976990 0 1529593435.479977571 
0 1529596629.336628993 1 1529596629.336630070 
0 1529598532.296896544 1 1529598532.296900749 
0 1529598714.393178574 1 1529598714.393186610 
0 1529611503.597864832 1 1529611503.597864868 
1 1529623311.266854179 0 1529623311.266854441 
1 1529642723.705091318 0 1529642723.705091449 
0 1529647086.195230240 1 1529647086.195230422 
1 1529656681.946681422 0 1529656681.946681499 
1 1529657135.279590052 0 1529657135.279590092 
0 1529657191.484499718 1 1529657191.484499718 
1 1529660776.545541222 0 1529660776.545549576 
1 1529662814.379742599 0 1529662814.379747967 
1 1529664492.136483158 0 1529664492.136483407 
1 1529666577.865443631 0 1529666577.865448480 
0 1529668947.523698533 1 1529668947.523698624 
