0 1502047691.000000010 1 1502047691.000000037 
0 1502047691.000000037 1 1502047691.000000037 
0 1502047692.000000030 1 1502047692.000000065 
0 1502047692.000000030 1 1502047692.000000065 
1 1502047693.000000001 0 1502047693.000000024 
0 1502047693.000000024 1 1502047693.000000046 
0 1502047693.000000024 1 1502047693.000000046 
0 1502047694.000000018 1 1502047694.000000018 
0 1502047694.000000018 1 1502047694.000000018 
0 1502047695.000000033 1 1502047695.000000062 
0 1502047695.000000033 1 1502047695.000000062 
0 1502047696.000000027 1 1502047696.000000048 
0 1502047696.000000027 1 1502047696.000000048 
0 1502047696.538361000 1 1502047696.538361000 
0 1502047696.538586000 1 1502047696.538586000 
0 1502047697.000000021 1 1502047697.000000021 