0 1502047691.000000010 1 1502047691.000000037 2 1502047691.000000045 
0 1502047691.000000037 1 1502047691.000000037 2 1502047691.000000045 
1 1502047691.000000037 2 1502047691.000000045 
2 1502047691.000000045 1 1502047691.000000084 
2 1502047691.000000058 1 1502047691.000000084 
2 1502047692.000000015 0 1502047692.000000030 1 1502047692.000000065 
0 1502047692.000000030 1 1502047692.000000065 2 1502047692.000000152 
0 1502047692.000000030 1 1502047692.000000065 2 1502047692.000000152 
1 1502047692.000000065 2 1502047692.000000152 
1 1502047692.000000125 2 1502047692.000000152 
1 1502047693.000000001 0 1502047693.000000024 2 1502047693.000000054 
0 1502047693.000000024 1 1502047693.000000046 2 1502047693.000000054 
0 1502047693.000000024 1 1502047693.000000046 2 1502047693.000000054 
1 1502047693.000000046 2 1502047693.000000054 
0 1502047694.000000018 1 1502047694.000000018 2 1502047694.000000018 
0 1502047694.000000018 1 1502047694.000000018 2 1502047694.000000018 
1 1502047694.000000018 2 1502047694.000000018 
2 1502047694.000000018 1 1502047694.000000057 
0 1502047695.000000033 1 1502047695.000000062 
0 1502047695.000000033 1 1502047695.000000062 
0 1502047696.000000027 1 1502047696.000000048 2 1502047696.000000058 
0 1502047696.000000027 1 1502047696.000000048 2 1502047696.000000058 
1 1502047696.000000048 2 1502047696.000000058 
2 1502047696.000000058 1 1502047696.000000094 
2 1502047696.000000065 1 1502047696.000000094 
2 1502047696.538360000 0 1502047696.538361000 1 1502047696.538361000 
0 1502047696.538361000 1 1502047696.538361000 
2 1502047696.538585000 0 1502047696.538586000 1 1502047696.538586000 
0 1502047696.538586000 1 1502047696.538586000 
0 1502047697.000000021 1 1502047697.000000021 1 1502047697.000000021 2 1502047697.000000545 
1 8567449014406601760.6832325182214490112 2 8567449014406601760.6832325182214490112 