  0  1502047690.000000000  1-0  0.000000000   2-0  0.000000000   3
  1  1502047690.000000000  2-1  0.000000000   2
  0  1502047691.000000000  1-0  0.000000000   2-0  0.000000000   3
  0  1502047691.000000000  1-0  0.000000000   2-0  0.000000000   3
  1  1502047691.000000000  2-1  0.000000000   2
  1  1502047691.000000000  2-1  0.000000000   2
  0  1502047692.000000000  1-0  0.000000000   2-0  0.000000000   3
  0  1502047692.000000000  1-0  0.000000000   2-0  0.000000000   3
  1  1502047692.000000000  2-1  0.000000000   2
  1  1502047692.000000000  2-1  0.000000000   2
  0  1502047693.000000000  1-0  0.000000000   2-0  0.000000000   3
  0  1502047693.000000000  1-0  0.000000000   2-0  0.000000000   3
  1  1502047693.000000000  2-1  0.000000000   2
  1  1502047693.000000000  2-1  0.000000000   2
  0  1502047694.000000000  1-0  0.000000000   2-0  0.000000000   3
  0  1502047694.000000000  1-0  0.000000000   2-0  0.000000000   3
  1  1502047694.000000000  2-1  0.000000000   2
  1  1502047694.000000000  2-1  0.000000000   2
  0  1502047695.000000000  1-0  0.000000000   2-0  0.000000000   3
  0  1502047695.000000000  1-0  0.000000000   2-0  0.000000000   3
  1  1502047695.000000000  2-1  0.000000000   2
  1  1502047695.000000000  2-1  0.000000000   2
  0  1502047695.886843920  1-0  0.000000000   2-0  0.000000000   3
  1  1502047695.886843920  2-1  0.000000000   2
  0  1502047695.887021065  1-0  0.000000000   2-0  0.000000000   3
  1  1502047695.887021065  0-1  0.000047922   2-1  0.000000000   3
  2  1502047695.887021065  0-2  0.000047922   1-2  0.000047922   3
  0  1502047695.887068987  1-0  0.000000000   2-0  0.000000000   3
  1  1502047695.887068987  2-1  0.000000000   2
  0  1502047696.000000000  1-0  0.000000000   2-0  0.000000000   3
  1  1502047696.000000000  2-1  0.000000000   2
  0  1502047696.538361073  1-0  0.000000000   2-0  0.000000000   3
  1  1502047696.538361073  2-1  0.000000000   2
  0  1502047696.538579941  1-0  0.000000000   2-0  0.000000000   3
  1  1502047696.538579941  2-1  0.000000000   2
  0  1502047700.483474016  1-0  0.000000000   2-0  0.000000000   3
  1  1502047700.483474016  2-1  0.000000000   2
  0  1502047700.485132933  1-0  0.000000000   2-0  0.000000000   3
  1  1502047700.485132933  0-1  0.000096083   2-1  0.000000000   3
  2  1502047700.485132933  0-2  0.000096083   1-2  0.000096083   3
  0  1502047700.485229015  1-0  0.000000000   2-0  0.000000000   3
  1  1502047700.485229015  2-1  0.000000000   2
  0  1502047700.485410929  1-0  0.000000000   2-0  0.000000000   3
  0  1502047700.485410929  1-0  0.000000000   2-0  0.000000000   3
  1  1502047700.485410929  2-1  0.000000000   2
  1  1502047700.485410929  2-1  0.000000000   2
