  0  1502047691.000000000  1-0  0.000000000   2-0  0.000000000   3
  0  1502047691.000000000  1-0  0.000000000   2-0  0.000000000   3
  1  1502047691.000000000  2-1  0.000000000   2
  1  1502047691.000000000  2-1  0.000000000   2
  0  1502047692.000000000  1-0  0.000000000   2-0  0.000000000   3
  0  1502047692.000000000  1-0  0.000000000   2-0  0.000000000   3
  1  1502047692.000000000  2-1  0.000000000   2
  2  1502047692.000000000  1-2  0.000000238   2
  2  1502047692.000000000  1-2  0.000000238   2
  0  1502047693.000000000  1-0  0.000000000   2-0  0.000000000   3
  0  1502047693.000000000  1-0  0.000000000   2-0  0.000000000   3
  1  1502047693.000000000  2-1  0.000000000   2
  1  1502047693.000000000  2-1  0.000000000   2
  0  1502047694.000000000  1-0  0.000000000   2-0  0.000000000   3
  0  1502047694.000000000  1-0  0.000000000   2-0  0.000000000   3
  1  1502047694.000000000  2-1  0.000000000   2
  1  1502047694.000000000  2-1  0.000000000   2
  0  1502047695.000000000  1-0  0.000000000   2-0  0.000000000   3
  0  1502047695.000000000  1-0  0.000000000   2-0  0.000000000   3
  1  1502047695.000000000  2-1  0.000000000   2
  1  1502047695.000000000  2-1  0.000000000   2
  0  1502047695.886843920  2-0  0.000000000   2
  0  1502047695.887021065  2-0  0.000000000   2
  0  1502047695.887068987  2-0  0.000000000   2
  0  1502047696.000000000  1-0  0.000000000   2-0  0.000000000   3
  0  1502047696.000000000  1-0  0.000000000   2-0  0.000000000   3
  1  1502047696.000000000  2-1  0.000000000   2
  1  1502047696.000000000  2-1  0.000000000   2
  0  1502047696.538361073  1-0  0.000000000   2-0  0.000000000   3
  1  1502047696.538361073  2-1  0.000000000   2
  0  1502047696.538585901  1-0  0.000000000   2-0  0.000000000   3
  1  1502047696.538585901  2-1  0.000000000   2
  0  1502047697.000000000  1-0  0.000000000   2-0  0.000000000   3
  1  1502047697.000000000  2-1  0.000000000   2
  1  1502047697.000000000  2-1  0.000000000   2
