  0  1502047691.000000010  1-0           0.000000027   2-0           0.000000035   3
  0  1502047691.000000037  1-0  -         0.000000000   2-0           0.000000008   3
  1  1502047691.000000037  2-1           0.000000008   2
  2  1502047691.000000045  1-2           0.000000039   2
  2  1502047691.000000058  1-2           0.000000026   2
  2  1502047692.000000015  0-2           0.000000015   1-2           0.000000050   3
  0  1502047692.000000030  1-0           0.000000035   2-0           0.000000122   3
  0  1502047692.000000030  1-0           0.000000035   2-0           0.000000122   3
  1  1502047692.000000065  2-1           0.000000087   2
  1  1502047692.000000125  2-1           0.000000027   2
  1  1502047693.000000001  0-1           0.000000023   2-1           0.000000053   3
  0  1502047693.000000024  1-0           0.000000022   2-0           0.000000030   3
  0  1502047693.000000024  1-0           0.000000022   2-0           0.000000030   3
  1  1502047693.000000046  2-1           0.000000008   2
  0  1502047694.000000018  1-0  -         0.000000000   2-0  -         0.000000000   3
  0  1502047694.000000018  1-0  -         0.000000000   2-0  -         0.000000000   3
  1  1502047694.000000018  2-1  -         0.000000000   2
  2  1502047694.000000018  1-2           0.000000039   2
  0  1502047695.000000033  1-0           0.000000029   2
  0  1502047695.000000033  1-0           0.000000029   2
  0  1502047696.000000027  1-0           0.000000021   2-0           0.000000031   3
  0  1502047696.000000027  1-0           0.000000021   2-0           0.000000031   3
  1  1502047696.000000048  2-1           0.000000010   2
  2  1502047696.000000058  1-2           0.000000036   2
  2  1502047696.000000065  1-2           0.000000029   2
  2  1502047696.538360000  0-2           0.000001000   1-2           0.000001000   3
  0  1502047696.538361000  1-0  -         0.000000000   2
  2  1502047696.538585000  0-2           0.000001000   1-2           0.000001000   3
  0  1502047696.538586000  1-0  -         0.000000000   2
  0  1502047697.000000021  1-0  -         0.000000000   2-0           0.000000524   3
  1  1502047697.000000021  2-1           0.000000524   2
  1  9142919791797862410.5852163832977293312  2-1  -         0.000000000   2
